precision_Ell,precision_Sp,accuracy,technique
0.962915366257 0.952611739365 0.957705572699 MLP1
0.959194776931 0.960029069767 0.959611544745 MLP1
0.958689717925 0.9565296142 0.957607116921 MLP1
0.945989884393 0.950547445255 0.94825708061 MLP1
0.948520179372 0.959566256203 0.953976034858 MLP1
0.947691197691 0.953581871345 0.950617283951 MLP1
0.93290960452 0.958146487294 0.945170660857 MLP1
0.936653176139 0.965310331896 0.950526506899 MLP1
0.953564302558 0.954388515355 0.953976034858 MLP1
0.949575275619 0.95367499544 0.951615831518 MLP1
0.966771275614 0.951437243349 0.95897622073 MLP2
0.956607495069 0.968020584451 0.96224360138 MLP2
0.962181818182 0.960841189268 0.961510530138 MLP2
0.942170818505 0.960526315789 0.95116194626 MLP2
0.953672113485 0.963833302735 0.95869644154 MLP2
0.947283774124 0.961808118081 0.954429920116 MLP2
0.935312831389 0.959686450168 0.947167755991 MLP2
0.951145311382 0.964443625645 0.957697893972 MLP2
0.950746799431 0.970140949555 0.960239651416 MLP2
0.946127946128 0.968546435883 0.957062454611 MLP2
0.961454146876 0.955627705628 0.958522417862 SVM
0.957181571816 0.961517417472 0.959339263024 SVM
0.951987052688 0.960769935839 0.956336238199 SVM
0.941596713699 0.956433450249 0.948892519971 SVM
0.946173104435 0.959992625369 0.952977487291 SVM
0.942724181135 0.955608767729 0.949074074074 SVM
0.931156222418 0.956456737058 0.943445896877 SVM
0.939908094733 0.964539007092 0.951888162672 SVM
0.947970677633 0.962013645584 0.954883805374 SVM
0.945650224215 0.95662562029 0.951071169208 SVM
